4 0.778125 0.734375 0.2609375 0.109375
4 0.85703125 0.8421875 0.171875 0.2171875
4 0.59453125 0.52890625 0.1828125 0.09375
4 0.55703125 0.5796875 0.1734375 0.125
4 0.42578125 0.52109375 0.1296875 0.134375
4 0.865625 0.6328125 0.240625 0.1671875
4 0.89296875 0.528125 0.2140625 0.146875
4 0.4796875 0.1015625 0.121875 0.153125
4 0.521875 0.309375 0.0859375 0.1109375
4 0.64609375 0.31953125 0.121875 0.0734375
4 0.771875 0.29765625 0.1 0.096875
4 0.54375 0.87109375 0.1671875 0.1515625
4 0.296875 0.36015625 0.178125 0.1578125
4 0.26953125 0.50859375 0.1625 0.1671875