4 0.78984375 0.71953125 0.2609375 0.0953125
4 0.87421875 0.8234375 0.1640625 0.2125
4 0.59609375 0.52421875 0.1828125 0.0859375
4 0.5609375 0.5765625 0.1703125 0.11875
4 0.42734375 0.525 0.125 0.1296875
4 0.871875 0.61328125 0.2359375 0.1578125
4 0.89375 0.5078125 0.2125 0.1375
4 0.45859375 0.103125 0.115625 0.15
4 0.51171875 0.30859375 0.08125 0.1078125
4 0.6359375 0.3125 0.1203125 0.0671875
4 0.7609375 0.28359375 0.096875 0.09375
4 0.5625 0.86796875 0.1625 0.1453125
4 0.28984375 0.37109375 0.1734375 0.1515625
4 0.2703125 0.5203125 0.15625 0.1625