4 0.1859375 0.31796875 0.259375 0.065625
4 0.0890625 0.225 0.1421875 0.2
4 0.40234375 0.4875 0.178125 0.065625
4 0.4296875 0.43125 0.1609375 0.1015625
4 0.56875 0.46640625 0.1140625 0.11875
4 0.1171875 0.4328125 0.225 0.1328125
4 0.10625 0.540625 0.20625 0.115625
4 0.5890625 0.8890625 0.1 0.140625
4 0.51171875 0.69140625 0.0703125 0.1015625
4 0.3875 0.703125 0.115625 0.0546875
4 0.2671875 0.746875 0.0875 0.084375
4 0.39296875 0.1421875 0.1484375 0.1296875
4 0.725 0.60234375 0.1609375 0.134375
4 0.72578125 0.4515625 0.1421875 0.146875