2 0.65078125 0.43828125 0.196875 0.1671875
2 0.92265625 0.6 0.1546875 0.428125
2 0.6796875 0.66796875 0.1125 0.140625
2 0.66953125 0.83125 0.15625 0.178125
2 0.82890625 0.75546875 0.1640625 0.2546875
2 0.3015625 0.246875 0.421875 0.2578125
2 0.31796875 0.075 0.1859375 0.15
2 0.5515625 0.96328125 0.10625 0.0734375
2 0.553125 0.68515625 0.184375 0.278125
2 0.7140625 0.32109375 0.14375 0.1171875
2 0.8265625 0.4078125 0.096875 0.109375
2 0.98515625 0.1765625 0.0296875 0.1875
2 0.5640625 0.04296875 0.1 0.0859375
2 0.3421875 0.51640625 0.1703125 0.29375
1 0.29296875 0.73671875 0.084375 0.1671875
1 0.36953125 0.7515625 0.109375 0.1140625
1 0.41328125 0.90390625 0.1515625 0.1921875
1 0.31640625 0.90234375 0.1 0.1359375
1 0.146875 0.86875 0.2 0.1796875
2 0.65234375 0.94609375 0.1703125 0.1078125