2 0.35078125 0.4359375 0.1953125 0.1640625
2 0.07421875 0.5921875 0.1484375 0.428125
2 0.3171875 0.66484375 0.1109375 0.140625
2 0.325 0.828125 0.153125 0.1765625
2 0.1671875 0.75 0.159375 0.253125
2 0.70234375 0.25078125 0.4203125 0.2515625
2 0.68984375 0.07578125 0.1828125 0.1515625
2 0.43828125 0.96328125 0.1046875 0.0734375
2 0.44375 0.684375 0.18125 0.2765625
2 0.2890625 0.3171875 0.1421875 0.115625
2 0.175 0.4015625 0.0953125 0.1078125
2 0.01640625 0.16796875 0.0328125 0.1859375
2 0.4421875 0.0421875 0.1 0.084375
2 0.65703125 0.51953125 0.165625 0.2921875
1 0.70234375 0.73984375 0.0828125 0.1671875
1 0.6265625 0.75390625 0.1078125 0.1140625
1 0.57890625 0.90546875 0.1484375 0.1890625
1 0.6765625 0.90546875 0.096875 0.134375
1 0.84609375 0.875 0.196875 0.1765625
2 0.3390625 0.94609375 0.16875 0.1078125