1 0.90234375 0.559375 0.0796875 0.1859375
1 0.86640625 0.65234375 0.084375 0.0875
1 0.46640625 0.440625 0.1109375 0.1859375
1 0.603125 0.565625 0.08125 0.09375
1 0.6875 0.4921875 0.1515625 0.109375
1 0.5046875 0.7125 0.11875 0.228125
1 0.409375 0.5703125 0.1875 0.1828125
1 0.2890625 0.765625 0.1140625 0.1796875
1 0.09921875 0.5765625 0.184375 0.16875
1 0.2359375 0.60234375 0.0859375 0.0828125
1 0.24296875 0.30234375 0.1328125 0.240625
1 0.41328125 0.1546875 0.1734375 0.2265625
1 0.40390625 0.93671875 0.1921875 0.1234375
1 0.71953125 0.80546875 0.103125 0.13125
1 0.77578125 0.73359375 0.0953125 0.1328125
1 0.86171875 0.90546875 0.10625 0.134375
1 0.7265625 0.19609375 0.084375 0.1859375
1 0.6046875 0.33671875 0.0609375 0.0984375
1 0.153125 0.0546875 0.159375 0.1078125