4 0.603125 0.734375 0.140625 0.26875
4 0.57109375 0.48671875 0.159375 0.25
4 0.6921875 0.74140625 0.115625 0.228125
4 0.73671875 0.58828125 0.0703125 0.1140625
4 0.8296875 0.60390625 0.16875 0.2984375
4 0.63984375 0.275 0.1921875 0.3484375
4 0.896875 0.26796875 0.159375 0.20625
4 0.7265625 0.04765625 0.10625 0.0953125
4 0.81328125 0.3359375 0.065625 0.11875
4 0.665625 0.45234375 0.0890625 0.128125
1 0.29921875 0.784375 0.18125 0.3078125
1 0.19140625 0.3 0.2265625 0.4875
1 0.41796875 0.7671875 0.1640625 0.2875
1 0.32890625 0.4046875 0.2421875 0.4375
1 0.4359375 0.525 0.2015625 0.3046875