4 0.54296875 0.24765625 0.090625 0.25625
4 0.571875 0.4953125 0.115625 0.2328125
4 0.628125 0.21953125 0.071875 0.2203125
4 0.70859375 0.35703125 0.0484375 0.1078125
4 0.79453125 0.31953125 0.1140625 0.2828125
4 0.68984375 0.684375 0.128125 0.33125
4 0.9390625 0.628125 0.121875 0.184375
4 0.8375 0.91796875 0.0765625 0.1546875
4 0.84375 0.5828125 0.04375 0.1125
4 0.671875 0.50625 0.065625 0.11875
1 0.23671875 0.27265625 0.125 0.290625
1 0.24921875 0.765625 0.1328125 0.46875
1 0.35625 0.26015625 0.1109375 0.2734375
1 0.35703125 0.63359375 0.159375 0.4171875
1 0.43203125 0.49140625 0.146875 0.2828125