2 0.4234375 0.78984375 0.1671875 0.3171875
2 0.28984375 0.44375 0.1328125 0.3203125
2 0.40703125 0.47890625 0.1109375 0.178125
2 0.196875 0.6640625 0.1421875 0.20625
2 0.2640625 0.790625 0.1046875 0.19375
2 0.1171875 0.89140625 0.196875 0.2171875
2 0.0828125 0.6390625 0.1640625 0.2671875
2 0.09765625 0.359375 0.115625 0.25
2 0.1859375 0.2375 0.2140625 0.4140625
2 0.43203125 0.27890625 0.1234375 0.3140625
2 0.88046875 0.6359375 0.1328125 0.29375
2 0.7203125 0.646875 0.15 0.2640625
2 0.66328125 0.36171875 0.1375 0.153125
2 0.5671875 0.42890625 0.1421875 0.153125
2 0.578125 0.81484375 0.134375 0.1875
2 0.7359375 0.9015625 0.0953125 0.1546875
2 0.65 0.0828125 0.1359375 0.1078125
2 0.56015625 0.1203125 0.1609375 0.2296875
2 0.80703125 0.25234375 0.125 0.2015625