2 0.3515625 0.23984375 0.2125 0.334375
2 0.31171875 0.60859375 0.1796875 0.33125
2 0.415625 0.54453125 0.1359375 0.190625
2 0.16484375 0.4203125 0.1703125 0.221875
2 0.196875 0.28046875 0.1328125 0.2046875
2 0.0703125 0.2078125 0.140625 0.265625
2 0.08046875 0.4734375 0.1609375 0.284375
2 0.14765625 0.73984375 0.1515625 0.2609375
2 0.26484375 0.80859375 0.2734375 0.3828125
2 0.49140625 0.73125 0.1703125 0.325
2 0.83203125 0.2703125 0.175 0.30625
2 0.675 0.30078125 0.1875 0.28125
2 0.69375 0.59140625 0.1578125 0.1703125
2 0.58359375 0.55078125 0.1625 0.1703125
2 0.49375 0.175 0.1609375 0.203125
2 0.62421875 0.06640625 0.1171875 0.1328125
2 0.753125 0.8640625 0.15 0.1265625
2 0.65625 0.85078125 0.1921875 0.2484375
2 0.8609375 0.659375 0.153125 0.215625