2 0.2515625 0.62421875 0.2 0.2046875
2 0.44609375 0.4671875 0.1375 0.103125
2 0.6078125 0.59140625 0.0875 0.1171875
2 0.54765625 0.39453125 0.11875 0.1109375
1 0.63828125 0.4625 0.040625 0.0453125
2 0.4546875 0.959375 0.11875 0.08125
2 0.66015625 0.89296875 0.1390625 0.1640625
2 0.64453125 0.7984375 0.065625 0.0546875
2 0.70859375 0.78828125 0.0765625 0.071875
2 0.44609375 0.884375 0.0609375 0.0546875
2 0.50859375 0.85703125 0.0671875 0.05
2 0.30390625 0.87578125 0.046875 0.046875
2 0.36484375 0.86328125 0.053125 0.0453125
1 0.8921875 0.73125 0.053125 0.0671875
1 0.840625 0.7796875 0.05 0.0515625
1 0.9046875 0.8203125 0.0484375 0.0515625
1 0.9375 0.77109375 0.053125 0.053125
2 0.95390625 0.63203125 0.0921875 0.0703125
2 0.2359375 0.39921875 0.1390625 0.121875
1 0.3421875 0.3828125 0.0796875 0.071875