4 0.28359375 0.15625 0.228125 0.240625
4 0.68984375 0.25703125 0.2140625 0.1453125
4 0.61796875 0.3484375 0.1328125 0.0953125
4 0.6296875 0.19765625 0.153125 0.084375
4 0.48359375 0.09140625 0.25 0.096875
4 0.69296875 0.13125 0.1671875 0.1
4 0.97890625 0.19921875 0.0421875 0.1046875
4 0.65859375 0.63046875 0.1640625 0.2
4 0.60625 0.53203125 0.1203125 0.1453125
4 0.7546875 0.73359375 0.1390625 0.0875
4 0.36015625 0.6171875 0.0796875 0.11875
4 0.2453125 0.7046875 0.1796875 0.0828125
4 0.25234375 0.80078125 0.209375 0.121875
4 0.47109375 0.65234375 0.1078125 0.071875
4 0.43984375 0.56015625 0.15625 0.184375
4 0.478125 0.4234375 0.1671875 0.13125
4 0.1828125 0.4984375 0.171875 0.178125
4 0.80390625 0.140625 0.1046875 0.078125