4 0.734375 0.83203125 0.21875 0.23125
4 0.3234375 0.75234375 0.209375 0.134375
4 0.390625 0.6578125 0.128125 0.0890625
4 0.3859375 0.80859375 0.15 0.0765625
4 0.53828125 0.90703125 0.246875 0.084375
4 0.3265625 0.87890625 0.1640625 0.0921875
4 0.02734375 0.825 0.0546875 0.1
4 0.334375 0.378125 0.15625 0.19375
4 0.3921875 0.4734375 0.1140625 0.140625
4 0.23359375 0.28046875 0.1359375 0.08125
4 0.63359375 0.37578125 0.075 0.115625
4 0.74375 0.28203125 0.178125 0.0734375
4 0.73203125 0.18671875 0.20625 0.1109375
4 0.52109375 0.34609375 0.10625 0.0671875
4 0.55703125 0.43671875 0.1484375 0.178125
4 0.52578125 0.57578125 0.1609375 0.1234375
4 0.81640625 0.48515625 0.1640625 0.171875
4 0.215625 0.875 0.1015625 0.0734375