4 0.3015625 0.1453125 0.2390625 0.25
4 0.70234375 0.2671875 0.21875 0.1546875
4 0.62578125 0.3546875 0.1359375 0.1
4 0.6453125 0.20546875 0.1546875 0.090625
4 0.5046875 0.09140625 0.2515625 0.109375
4 0.7125 0.14140625 0.1703125 0.1078125
4 0.98515625 0.22734375 0.0296875 0.1078125
4 0.6515625 0.63828125 0.1734375 0.20625
4 0.6046875 0.5375 0.1265625 0.15
4 0.7421875 0.746875 0.1421875 0.09375
4 0.3546875 0.61015625 0.0859375 0.1203125
4 0.234375 0.69140625 0.1828125 0.090625
4 0.23671875 0.7875 0.2125 0.13125
4 0.46328125 0.65078125 0.1109375 0.0765625
4 0.43671875 0.55703125 0.1640625 0.190625
4 0.48203125 0.421875 0.171875 0.1390625
4 0.18359375 0.48125 0.178125 0.184375
4 0.82265625 0.15703125 0.10625 0.0828125