1 0.40703125 0.28515625 0.0984375 0.2875
1 0.61953125 0.49609375 0.2296875 0.1796875
1 0.5359375 0.26328125 0.1375 0.2484375
1 0.19609375 0.578125 0.1578125 0.1375
1 0.09453125 0.55625 0.0546875 0.1234375
1 0.10390625 0.6890625 0.0578125 0.1171875
1 0.290625 0.69921875 0.1234375 0.090625
1 0.671875 0.81328125 0.0953125 0.1671875
1 0.853125 0.48046875 0.146875 0.2296875
1 0.8484375 0.61875 0.1140625 0.1078125
1 0.72265625 0.26171875 0.1046875 0.21875
1 0.13046875 0.21796875 0.109375 0.1640625
1 0.03984375 0.334375 0.0765625 0.1234375
1 0.128125 0.4265625 0.0765625 0.0640625
1 0.95546875 0.31875 0.0890625 0.178125
1 0.62578125 0.07265625 0.1453125 0.1453125
1 0.384375 0.60078125 0.109375 0.1703125
1 0.9484375 0.57578125 0.0859375 0.1484375