0 0.21328125 0.12421875 0.1078125 0.1375
0 0.38515625 0.19609375 0.1375 0.115625
0 0.340625 0.50546875 0.0859375 0.09375
0 0.51484375 0.28203125 0.1984375 0.2578125
0 0.7046875 0.81796875 0.228125 0.2796875
0 0.88515625 0.7046875 0.115625 0.1984375
0 0.71875 0.6015625 0.1578125 0.178125
0 0.45859375 0.85234375 0.15 0.1859375
0 0.45859375 0.47421875 0.1609375 0.2859375
1 0.228125 0.68046875 0.14375 0.2328125
1 0.13828125 0.80546875 0.175 0.1421875
1 0.0796875 0.6125 0.1515625 0.259375
1 0.0921875 0.23828125 0.184375 0.2359375
1 0.73046875 0.30703125 0.1296875 0.1609375