0 0.72421875 0.084375 0.090625 0.1265625
0 0.56640625 0.18203125 0.125 0.1
0 0.6578125 0.48046875 0.075 0.0859375
0 0.4515625 0.28671875 0.165625 0.240625
0 0.34765625 0.84609375 0.19375 0.2578125
0 0.1515625 0.7625 0.0890625 0.190625
0 0.3 0.63515625 0.1375 0.1609375
0 0.59609375 0.8421875 0.1265625 0.171875
0 0.53671875 0.46796875 0.1203125 0.2765625
1 0.796875 0.6359375 0.1125 0.221875
1 0.9046875 0.7453125 0.1609375 0.121875
1 0.9328125 0.5453125 0.115625 0.25
1 0.88671875 0.17421875 0.2125 0.209375
1 0.2421875 0.3453125 0.109375 0.1484375