4 0.65859375 0.1890625 0.1796875 0.3015625
4 0.36015625 0.68359375 0.0515625 0.0921875
4 0.4234375 0.69296875 0.0625 0.0875
4 0.284375 0.71328125 0.05625 0.0953125
4 0.14375 0.31953125 0.0703125 0.1421875
4 0.28828125 0.5140625 0.059375 0.0953125
4 0.83046875 0.06328125 0.1703125 0.1265625
4 0.8640625 0.46484375 0.103125 0.1109375
4 0.49765625 0.41953125 0.0796875 0.0859375
4 0.64765625 0.64453125 0.0671875 0.0828125
4 0.71171875 0.83046875 0.0578125 0.121875
4 0.61171875 0.50078125 0.0453125 0.1125
4 0.67109375 0.4875 0.0703125 0.146875
4 0.7421875 0.36015625 0.1890625 0.165625
4 0.5015625 0.26015625 0.084375 0.1390625