4 0.6140625 0.16953125 0.215625 0.3171875
4 0.38671875 0.70078125 0.0640625 0.096875
4 0.4515625 0.70234375 0.0734375 0.09375
4 0.315625 0.74140625 0.06875 0.1
4 0.121875 0.37109375 0.0875 0.146875
4 0.2921875 0.54296875 0.0703125 0.1
4 0.765625 0.046875 0.184375 0.09375
4 0.85546875 0.41484375 0.1140625 0.121875
4 0.48671875 0.4203125 0.0890625 0.09375
4 0.66640625 0.62265625 0.0765625 0.0890625
4 0.75546875 0.79765625 0.0734375 0.1265625
4 0.61015625 0.48515625 0.059375 0.1140625
4 0.66796875 0.46328125 0.0890625 0.1515625
4 0.7203125 0.328125 0.2046875 0.1875
4 0.46796875 0.26171875 0.1 0.1453125