4 0.71953125 0.22890625 0.1890625 0.30625
4 0.325 0.65 0.0546875 0.09375
4 0.38515625 0.6734375 0.065625 0.0890625
4 0.24453125 0.6640625 0.059375 0.0953125
4 0.1890625 0.24921875 0.075 0.14375
4 0.28984375 0.46953125 0.0625 0.096875
4 0.9140625 0.134375 0.171875 0.146875
4 0.86328125 0.54140625 0.10625 0.1140625
4 0.51484375 0.4203125 0.0828125 0.0875
4 0.6140625 0.671875 0.06875 0.084375
4 0.63828125 0.8671875 0.0625 0.1234375
4 0.60859375 0.5234375 0.0484375 0.1125
4 0.6703125 0.5234375 0.075 0.1484375
4 0.765625 0.4140625 0.1921875 0.171875
4 0.5515625 0.265625 0.0890625 0.140625