1 0.265625 0.8203125 0.175 0.159375
1 0.65625 0.80546875 0.15625 0.1953125
1 0.39375 0.2515625 0.0875 0.13125
1 0.2703125 0.390625 0.090625 0.1359375
1 0.39296875 0.39375 0.125 0.1140625
1 0.184375 0.70859375 0.0875 0.2328125
1 0.6953125 0.3671875 0.06875 0.1046875
1 0.87578125 0.44296875 0.096875 0.16875
1 0.64921875 0.49453125 0.0953125 0.1625
1 0.48046875 0.509375 0.1234375 0.153125
1 0.26484375 0.55859375 0.1203125 0.096875
1 0.27265625 0.13984375 0.0734375 0.084375
1 0.6171875 0.221875 0.0953125 0.0984375
1 0.41875 0.64140625 0.0765625 0.10625
1 0.16484375 0.475 0.0859375 0.1203125
1 0.8109375 0.8296875 0.1359375 0.1515625
1 0.97109375 0.52890625 0.0578125 0.1359375
1 0.85703125 0.6625 0.1125 0.06875
1 0.65 0.61171875 0.18125 0.1078125
1 0.82890625 0.1484375 0.071875 0.1296875
1 0.54609375 0.03046875 0.0859375 0.059375