1 0.8515625 0.828125 0.0828125 0.34375
1 0.78671875 0.509375 0.0640625 0.271875
1 0.80390625 0.3109375 0.0703125 0.2359375
1 0.959375 0.38203125 0.08125 0.2296875
1 0.36484375 0.1296875 0.10625 0.134375
1 0.35078125 0.42109375 0.1703125 0.2421875
1 0.4875 0.4265625 0.0859375 0.2203125
1 0.4609375 0.73046875 0.0796875 0.2984375
1 0.1234375 0.7375 0.121875 0.1546875
1 0.05625 0.86953125 0.109375 0.2609375
1 0.15703125 0.5125 0.1171875 0.315625
1 0.11484375 0.24140625 0.1671875 0.2296875
1 0.5375 0.1515625 0.0578125 0.1171875
1 0.59296875 0.59140625 0.0859375 0.2203125
1 0.64140625 0.75546875 0.0546875 0.1984375
1 0.6796875 0.93203125 0.084375 0.1359375
1 0.7140625 0.69296875 0.0671875 0.24375
1 0.7421875 0.9109375 0.1078125 0.165625
1 0.34765625 0.6609375 0.15625 0.234375
1 0.56640625 0.8390625 0.046875 0.1125
1 0.6375 0.94296875 0.0859375 0.103125
1 0.63125 0.34140625 0.0859375 0.084375
1 0.60546875 0.18828125 0.065625 0.203125
1 0.9015625 0.57109375 0.125 0.1921875