1 0.390625 0.11328125 0.1796875 0.2265625
1 0.525 0.2109375 0.115625 0.1734375
1 0.609375 0.40234375 0.075 0.1921875
1 0.728125 0.46875 0.06875 0.140625
1 0.92109375 0.109375 0.13125 0.21875
1 0.67421875 0.23671875 0.128125 0.1375
1 0.80078125 0.38203125 0.078125 0.246875
1 0.925 0.46640625 0.15 0.25625
1 0.575 0.671875 0.1046875 0.2046875
1 0.46015625 0.5109375 0.1078125 0.184375
1 0.08671875 0.79765625 0.1484375 0.2453125
1 0.084375 0.575 0.14375 0.1484375
1 0.13203125 0.3875 0.1421875 0.153125
1 0.30625 0.7640625 0.09375 0.1703125
1 0.428125 0.7171875 0.1015625 0.1296875
1 0.66484375 0.90390625 0.121875 0.1921875
1 0.80859375 0.80703125 0.1484375 0.1515625
1 0.74765625 0.6015625 0.0515625 0.1078125
1 0.8453125 0.6140625 0.121875 0.1765625
1 0.16796875 0.25703125 0.15 0.184375
1 0.48203125 0.92265625 0.11875 0.128125
1 0.334375 0.31953125 0.1453125 0.28125