4 0.828125 0.29375 0.15625 0.1984375
4 0.684375 0.32890625 0.115625 0.1609375
4 0.5453125 0.41171875 0.140625 0.1328125
4 0.93515625 0.60390625 0.103125 0.175
4 0.36015625 0.3890625 0.1 0.078125
4 0.3828125 0.4765625 0.115625 0.0890625
4 0.965625 0.4171875 0.06875 0.11875
4 0.8859375 0.40234375 0.10625 0.14375
4 0.39921875 0.87734375 0.1125 0.1796875
4 0.4453125 0.59375 0.1578125 0.190625
4 0.31015625 0.64921875 0.1484375 0.121875
4 0.66171875 0.171875 0.1625 0.190625
4 0.75625 0.60859375 0.1328125 0.165625
4 0.47421875 0.79296875 0.10625 0.153125