4 0.11875 0.43203125 0.1609375 0.2015625
4 0.265625 0.41015625 0.1203125 0.1625
4 0.425 0.43515625 0.14375 0.1359375
4 0.1359375 0.759375 0.1078125 0.1765625
4 0.58828125 0.34453125 0.1015625 0.08125
4 0.59921875 0.434375 0.1171875 0.0921875
4 0.0359375 0.59765625 0.071875 0.1203125
4 0.10546875 0.55390625 0.109375 0.1453125
4 0.73515625 0.81171875 0.1171875 0.18125
4 0.5859375 0.56640625 0.1625 0.19375
4 0.73203125 0.5671875 0.1515625 0.125
4 0.2265625 0.25625 0.1671875 0.1953125
4 0.303125 0.696875 0.1375 0.1671875
4 0.63359375 0.76171875 0.1109375 0.15625