4 0.16171875 0.6890625 0.146875 0.19375
4 0.30703125 0.66171875 0.109375 0.15625
4 0.45 0.5859375 0.1359375 0.1265625
4 0.07109375 0.3734375 0.0953125 0.171875
4 0.634375 0.61796875 0.096875 0.075
4 0.615625 0.5296875 0.1125 0.084375
4 0.03046875 0.55703125 0.0609375 0.1171875
4 0.109375 0.57734375 0.1 0.140625
4 0.6203125 0.12890625 0.1046875 0.1765625
4 0.559375 0.409375 0.15 0.1859375
4 0.69765625 0.3609375 0.1453125 0.115625
4 0.32109375 0.81953125 0.1546875 0.1859375
4 0.25 0.378125 0.1265625 0.1609375
4 0.54140625 0.209375 0.1 0.15