1 0.85703125 0.83125 0.153125 0.215625
1 0.69921875 0.60859375 0.1578125 0.1234375
1 0.83515625 0.48046875 0.103125 0.0640625
1 0.88046875 0.5609375 0.1328125 0.0984375
1 0.75234375 0.7125 0.14375 0.1125
1 0.8953125 0.690625 0.1421875 0.0984375
4 0.73046875 0.378125 0.13125 0.1609375
4 0.64765625 0.2953125 0.140625 0.1046875
4 0.7875 0.25703125 0.1375 0.09375
4 0.59453125 0.2015625 0.1484375 0.1109375
4 0.55859375 0.06484375 0.10625 0.09375
4 0.7703125 0.0296875 0.11875 0.059375
4 0.72109375 0.1046875 0.075 0.065625
4 0.78359375 0.134375 0.146875 0.1015625
4 0.6328125 0.1171875 0.0765625 0.0703125
4 0.46640625 0.45234375 0.0546875 0.078125
4 0.384375 0.38203125 0.04375 0.0515625
4 0.33515625 0.45 0.078125 0.071875
4 0.38671875 0.43828125 0.0328125 0.0375
4 0.0875 0.18125 0.0890625 0.0890625
4 0.03359375 0.24609375 0.0375 0.0421875
4 0.06796875 0.296875 0.084375 0.08125
4 0.14140625 0.41640625 0.071875 0.0703125