0 0.14140625 0.8296875 0.16875 0.228125
0 0.459375 0.85546875 0.24375 0.2890625
0 0.11015625 0.2703125 0.190625 0.275
0 0.2515625 0.146875 0.3375 0.29375
0 0.603125 0.14375 0.21875 0.2875
0 0.86953125 0.37421875 0.2609375 0.2859375
0 0.71640625 0.3875 0.0734375 0.1046875
0 0.7125 0.6125 0.334375 0.33125
0 0.5203125 0.578125 0.15625 0.1546875
0 0.51875 0.34453125 0.0921875 0.1015625
0 0.68203125 0.265625 0.0859375 0.1546875
0 0.42421875 0.2625 0.1140625 0.175
0 0.12890625 0.66953125 0.075 0.090625
0 0.409375 0.60390625 0.0671875 0.0578125
0 0.20078125 0.46796875 0.0921875 0.0734375