0 0.153125 0.8421875 0.1625 0.225
0 0.47265625 0.85703125 0.2359375 0.2859375
0 0.10234375 0.28359375 0.1828125 0.271875
0 0.2390625 0.14921875 0.328125 0.2984375
0 0.58984375 0.140625 0.2109375 0.28125
0 0.86875 0.3609375 0.2625 0.278125
0 0.7125 0.38046875 0.0703125 0.1046875
0 0.71640625 0.6046875 0.3265625 0.3234375
0 0.52265625 0.57734375 0.1515625 0.1515625
0 0.51328125 0.34375 0.0890625 0.0984375
0 0.67421875 0.259375 0.08125 0.153125
0 0.41640625 0.265625 0.109375 0.1734375
0 0.134375 0.68203125 0.071875 0.0890625
0 0.41328125 0.60703125 0.0671875 0.05625
0 0.2 0.478125 0.090625 0.071875