4 0.45 0.675 0.159375 0.2234375
4 0.2375 0.6 0.0859375 0.0875
4 0.30546875 0.6921875 0.0828125 0.0953125
4 0.390625 0.43203125 0.08125 0.06875
4 0.58671875 0.50234375 0.171875 0.0890625
4 0.56171875 0.421875 0.09375 0.0625
4 0.259375 0.49296875 0.103125 0.0953125
4 0.4171875 0.540625 0.0703125 0.059375
4 0.565625 0.2703125 0.096875 0.0875
4 0.425 0.3109375 0.1 0.121875
4 0.67265625 0.33046875 0.09375 0.1375
4 0.56328125 0.18125 0.0671875 0.10625
4 0.4796875 0.03828125 0.159375 0.0765625
4 0.79375 0.634375 0.1640625 0.20625
4 0.85625 0.51796875 0.2875 0.1375
4 0.79921875 0.34609375 0.0828125 0.14375