1 0.8328125 0.1625 0.1375 0.265625
1 0.8203125 0.43125 0.1984375 0.1625
1 0.6640625 0.65390625 0.1390625 0.2859375
1 0.50625 0.78984375 0.1421875 0.2796875
1 0.3296875 0.7984375 0.0765625 0.2625
1 0.13203125 0.5671875 0.1453125 0.1328125
1 0.26015625 0.3609375 0.15625 0.1671875
1 0.515625 0.19921875 0.0953125 0.2421875
1 0.64296875 0.16640625 0.0859375 0.21875
1 0.4125 0.45078125 0.0796875 0.1296875
1 0.4765625 0.56484375 0.0578125 0.109375
1 0.30546875 0.64140625 0.1 0.053125
1 0.67578125 0.425 0.084375 0.1140625
1 0.49609375 0.390625 0.0609375 0.1234375