1 0.80078125 0.15859375 0.20625 0.190625
1 0.66953125 0.48359375 0.1640625 0.21875
1 0.5578125 0.85859375 0.1296875 0.2828125
1 0.19140625 0.825 0.1546875 0.35
1 0.33046875 0.77890625 0.109375 0.35625
1 0.12421875 0.5640625 0.2265625 0.2390625
1 0.10859375 0.2421875 0.2171875 0.2765625
1 0.2625 0.384375 0.1140625 0.3578125
1 0.44921875 0.1015625 0.1109375 0.14375
1 0.57578125 0.15546875 0.1203125 0.1359375
1 0.38828125 0.50390625 0.1234375 0.3171875
1 0.38671875 0.315625 0.1140625 0.1078125
1 0.5484375 0.5203125 0.08125 0.2578125