3 0.18984375 0.8640625 0.1515625 0.271875
3 0.20234375 0.54921875 0.26875 0.3203125
3 0.12734375 0.2703125 0.2546875 0.29375
3 0.328125 0.8265625 0.203125 0.346875
3 0.5265625 0.82734375 0.259375 0.33125
3 0.425 0.49609375 0.1953125 0.2421875
3 0.44375 0.24765625 0.20625 0.2703125
3 0.59921875 0.49765625 0.221875 0.3234375
3 0.56953125 0.15859375 0.1765625 0.315625
3 0.89609375 0.6265625 0.1921875 0.2703125
3 0.95078125 0.815625 0.0984375 0.153125
3 0.74453125 0.56875 0.0625 0.13125
3 0.85 0.40625 0.153125 0.196875
3 0.9125 0.21953125 0.084375 0.1828125
3 0.815625 0.12578125 0.15625 0.2515625