3 0.14140625 0.8234375 0.115625 0.2765625
3 0.1984375 0.50703125 0.234375 0.2953125
3 0.16015625 0.22109375 0.228125 0.2703125
3 0.28125 0.815625 0.15625 0.36875
3 0.48046875 0.828125 0.221875 0.309375
3 0.42578125 0.4859375 0.16875 0.225
3 0.4796875 0.2421875 0.1765625 0.253125
3 0.5984375 0.5109375 0.184375 0.30625
3 0.61640625 0.171875 0.1375 0.30625
3 0.87421875 0.68046875 0.1609375 0.2546875
3 0.90390625 0.87578125 0.08125 0.1453125
3 0.7328125 0.60234375 0.046875 0.128125
3 0.859375 0.45625 0.13125 0.184375
3 0.94765625 0.2796875 0.0609375 0.178125
3 0.86953125 0.1484375 0.1140625 0.296875