2 0.64140625 0.46796875 0.1140625 0.1484375
2 0.7140625 0.51484375 0.1375 0.1421875
2 0.62109375 0.64140625 0.109375 0.2078125
2 0.2078125 0.5875 0.203125 0.15625
2 0.31328125 0.44921875 0.1640625 0.1828125
2 0.40078125 0.64453125 0.115625 0.23125
2 0.4765625 0.49609375 0.1375 0.1234375
2 0.51875 0.58671875 0.1046875 0.1609375
2 0.5296875 0.41796875 0.103125 0.1578125
2 0.13671875 0.3078125 0.115625 0.16875
2 0.190625 0.18359375 0.0921875 0.121875
2 0.05859375 0.2296875 0.096875 0.1140625
2 0.03046875 0.1515625 0.0609375 0.128125
2 0.0625 0.109375 0.1109375 0.10625