2 0.64296875 0.478125 0.10625 0.14375
2 0.7125 0.5296875 0.1296875 0.1359375
2 0.6109375 0.64921875 0.0953125 0.203125
2 0.20234375 0.5671875 0.1953125 0.1453125
2 0.3171875 0.4359375 0.153125 0.175
2 0.39140625 0.6375 0.1015625 0.228125
2 0.4765625 0.49453125 0.13125 0.1171875
2 0.5125 0.5875 0.0953125 0.15625
2 0.53515625 0.4203125 0.09375 0.153125
2 0.15078125 0.2828125 0.10625 0.1625
2 0.21328125 0.1625 0.0859375 0.1171875
2 0.078125 0.2 0.090625 0.109375
2 0.04140625 0.11796875 0.0828125 0.1203125
2 0.090625 0.08046875 0.1046875 0.1