2 0.77109375 0.40703125 0.13125 0.2265625
2 0.63046875 0.265625 0.2078125 0.2125
2 0.38515625 0.21484375 0.2125 0.225
2 0.93671875 0.2125 0.1265625 0.196875
2 0.89453125 0.4140625 0.128125 0.225
2 0.78046875 0.1640625 0.16875 0.2359375
2 0.26171875 0.09296875 0.1359375 0.1859375
2 0.2359375 0.30859375 0.1421875 0.2140625
2 0.12421875 0.28359375 0.1203125 0.1921875
2 0.14765625 0.09765625 0.1265625 0.1953125
2 0.55234375 0.759375 0.2109375 0.2671875
2 0.7234375 0.67109375 0.146875 0.2625
2 0.69765625 0.9078125 0.1171875 0.184375
2 0.86171875 0.77265625 0.1265625 0.1296875
2 0.81953125 0.89765625 0.1171875 0.2046875
2 0.346875 0.7546875 0.246875 0.240625
2 0.06171875 0.5453125 0.1234375 0.24375
2 0.2375 0.58984375 0.2234375 0.284375
2 0.16640625 0.8328125 0.190625 0.2515625