2 0.259375 0.65625 0.1171875 0.221875
2 0.43046875 0.75859375 0.196875 0.2015625
2 0.68046875 0.74921875 0.2 0.2140625
2 0.13515625 0.88671875 0.134375 0.190625
2 0.1375 0.67890625 0.1140625 0.2203125
2 0.30859375 0.8890625 0.1546875 0.221875
2 0.83203125 0.85078125 0.121875 0.209375
2 0.80234375 0.621875 0.1296875 0.2078125
2 0.91640625 0.61875 0.1078125 0.1875
2 0.940625 0.81640625 0.1125 0.2140625
2 0.38671875 0.2609375 0.196875 0.25625
2 0.24140625 0.3875 0.13125 0.25625
2 0.2046875 0.13203125 0.103125 0.221875
2 0.0828125 0.3234375 0.1203125 0.121875
2 0.090625 0.18125 0.103125 0.2203125
2 0.5875 0.215625 0.234375 0.2265625
2 0.92265625 0.34765625 0.1265625 0.2375
2 0.7328125 0.34921875 0.20625 0.2734375
2 0.7421875 0.10859375 0.175 0.2171875