2 0.76953125 0.40234375 0.128125 0.225
2 0.6265625 0.2640625 0.20625 0.209375
2 0.38046875 0.21640625 0.209375 0.2234375
2 0.93515625 0.20546875 0.1296875 0.1953125
2 0.89296875 0.40703125 0.125 0.225
2 0.77421875 0.159375 0.165625 0.234375
2 0.25546875 0.0953125 0.1328125 0.190625
2 0.2328125 0.31328125 0.1390625 0.2125
2 0.12109375 0.290625 0.1171875 0.190625
2 0.14140625 0.10078125 0.1234375 0.2015625
2 0.55703125 0.7578125 0.2078125 0.2640625
2 0.7265625 0.6671875 0.1421875 0.2609375
2 0.70546875 0.90625 0.1140625 0.1875
2 0.86640625 0.76640625 0.125 0.128125
2 0.82578125 0.8953125 0.1140625 0.209375
2 0.35078125 0.7578125 0.24375 0.2375
2 0.0609375 0.55234375 0.121875 0.2421875
2 0.2390625 0.59453125 0.21875 0.28125
2 0.17265625 0.8390625 0.1859375 0.2484375