4 0.221875 0.6578125 0.06875 0.1125
4 0.15546875 0.55234375 0.09375 0.1
4 0.18984375 0.7734375 0.1640625 0.246875
4 0.28828125 0.7296875 0.15625 0.265625
4 0.475 0.671875 0.1421875 0.2453125
4 0.53984375 0.70390625 0.178125 0.2359375
4 0.3703125 0.6109375 0.0875 0.14375
4 0.3171875 0.509375 0.0953125 0.078125
4 0.23515625 0.5234375 0.075 0.0875
4 0.25390625 0.39765625 0.2015625 0.20625
4 0.715625 0.734375 0.10625 0.1265625
4 0.85390625 0.77890625 0.1359375 0.1265625
4 0.79296875 0.67734375 0.075 0.109375
4 0.734375 0.4609375 0.0625 0.115625
4 0.5828125 0.51796875 0.0734375 0.0828125
4 0.765625 0.33828125 0.0796875 0.10625
4 0.6359375 0.0859375 0.290625 0.171875
4 0.284375 0.2328125 0.3171875 0.2296875
4 0.4609375 0.48203125 0.0625 0.06875
4 0.37578125 0.48125 0.0421875 0.0859375
4 0.871875 0.62109375 0.25625 0.2546875