4 0.1828125 0.4578125 0.071875 0.1125
4 0.1609375 0.58046875 0.096875 0.1015625
4 0.109375 0.3625 0.171875 0.25
4 0.21796875 0.36640625 0.1640625 0.2671875
4 0.4125 0.35 0.1484375 0.246875
4 0.4609375 0.29609375 0.184375 0.2390625
4 0.33828125 0.44609375 0.0921875 0.1453125
4 0.3265625 0.56015625 0.096875 0.08125
4 0.2453125 0.57734375 0.0765625 0.0890625
4 0.3109375 0.6875 0.20625 0.2109375
4 0.6125 0.20234375 0.109375 0.128125
4 0.7234375 0.109375 0.1390625 0.1296875
4 0.70546875 0.22578125 0.078125 0.1109375
4 0.73203125 0.4484375 0.065625 0.115625
4 0.56953125 0.45234375 0.0765625 0.084375
4 0.80703125 0.55078125 0.08125 0.1078125
4 0.78984375 0.8546875 0.2953125 0.2265625
4 0.40078125 0.82890625 0.321875 0.2390625
4 0.4703125 0.53125 0.0640625 0.0703125
4 0.3921875 0.56328125 0.0453125 0.0875
4 0.81953125 0.240625 0.3046875 0.2625