4 0.7859375 0.35703125 0.0625 0.109375
4 0.846875 0.46640625 0.0890625 0.096875
4 0.82421875 0.24296875 0.153125 0.2421875
4 0.7234375 0.28203125 0.14375 0.2609375
4 0.534375 0.3296875 0.1296875 0.240625
4 0.47109375 0.29453125 0.16875 0.2296875
4 0.63515625 0.39609375 0.08125 0.140625
4 0.68359375 0.5 0.09375 0.0734375
4 0.765625 0.48984375 0.071875 0.084375
4 0.73984375 0.615625 0.19375 0.2
4 0.296875 0.2546875 0.1 0.121875
4 0.1609375 0.203125 0.13125 0.121875
4 0.21640625 0.30703125 0.0703125 0.1078125
4 0.2640625 0.5265625 0.05625 0.1140625
4 0.41875 0.47734375 0.0703125 0.0796875
4 0.22578125 0.64765625 0.075 0.103125
4 0.33984375 0.91328125 0.2828125 0.1734375
4 0.70078125 0.778125 0.3109375 0.215625
4 0.5375 0.51953125 0.059375 0.0671875
4 0.62265625 0.525 0.0390625 0.0859375
4 0.12890625 0.35859375 0.2578125 0.2421875