4 0.3515625 0.159375 0.078125 0.1796875
4 0.86015625 0.2375 0.109375 0.0984375
4 0.759375 0.26640625 0.05625 0.084375
4 0.8390625 0.32578125 0.10625 0.0640625
4 0.6703125 0.3234375 0.0734375 0.1078125
4 0.76953125 0.37890625 0.0671875 0.053125
4 0.5078125 0.4140625 0.1046875 0.0796875
4 0.45234375 0.25546875 0.121875 0.1140625
4 0.26171875 0.76875 0.075 0.078125
4 0.459375 0.80234375 0.121875 0.084375
4 0.34453125 0.79140625 0.075 0.0890625
4 0.071875 0.9265625 0.1046875 0.096875
4 0.26953125 0.95390625 0.0640625 0.0921875
4 0.74765625 0.66484375 0.10625 0.090625
4 0.7234375 0.8015625 0.065625 0.1015625
4 0.33359375 0.45390625 0.1328125 0.0921875
4 0.22109375 0.090625 0.059375 0.1296875
4 0.28125 0.11640625 0.05625 0.1421875
4 0.28828125 0.2828125 0.121875 0.1140625
4 0.13359375 0.54296875 0.071875 0.059375
4 0.53359375 0.509375 0.078125 0.075
4 0.609375 0.525 0.0703125 0.053125
4 0.6453125 0.64921875 0.0609375 0.046875
4 0.81484375 0.70625 0.0609375 0.0953125