4 0.2890625 0.19453125 0.109375 0.1875
4 0.80390625 0.17421875 0.125 0.115625
4 0.71015625 0.22109375 0.0703125 0.0921875
4 0.79921875 0.2640625 0.1140625 0.08125
4 0.63359375 0.29453125 0.090625 0.1171875
4 0.74140625 0.3296875 0.075 0.0640625
4 0.49140625 0.4140625 0.115625 0.096875
4 0.40625 0.26875 0.1390625 0.1328125
4 0.3171875 0.809375 0.0875 0.0890625
4 0.51796875 0.8046875 0.1328125 0.1046875
4 0.403125 0.815625 0.0890625 0.1
4 0.1609375 0.971875 0.11875 0.05625
4 0.36171875 0.96953125 0.0828125 0.0609375
4 0.775 0.6140625 0.11875 0.1078125
4 0.7765625 0.753125 0.0828125 0.1109375
4 0.32734375 0.48671875 0.1453125 0.1140625
4 0.1484375 0.1515625 0.08125 0.1359375
4 0.21171875 0.16484375 0.08125 0.1484375
4 0.25078125 0.32734375 0.1390625 0.1328125
4 0.1484375 0.61171875 0.08125 0.0703125
4 0.534375 0.50234375 0.0890625 0.0875
4 0.61171875 0.503125 0.0765625 0.0640625
4 0.67109375 0.61796875 0.06875 0.05625
4 0.8484375 0.6421875 0.0765625 0.103125