4 0.42578125 0.8640625 0.096875 0.184375
4 0.90703125 0.68125 0.11875 0.109375
4 0.80234375 0.67421875 0.0640625 0.0890625
4 0.86796875 0.6 0.1109375 0.0734375
4 0.70390625 0.63671875 0.0828125 0.1125
4 0.7890625 0.5625 0.071875 0.059375
4 0.52578125 0.58203125 0.1109375 0.0890625
4 0.50390625 0.74921875 0.13125 0.125
4 0.2109375 0.28671875 0.08125 0.084375
4 0.39765625 0.2125 0.128125 0.096875
4 0.2875 0.24765625 0.084375 0.0953125
4 0.02421875 0.1703125 0.0484375 0.10625
4 0.17890625 0.096875 0.075 0.1109375
4 0.70859375 0.2875 0.1140625 0.1
4 0.65546875 0.15859375 0.075 0.1078125
4 0.346875 0.5796875 0.140625 0.1046875
4 0.3125 0.9453125 0.071875 0.109375
4 0.365625 0.92109375 0.0703125 0.146875
4 0.33828125 0.75625 0.13125 0.125
4 0.1328125 0.534375 0.078125 0.065625
4 0.53046875 0.484375 0.084375 0.0828125
4 0.6015625 0.453125 0.0734375 0.059375
4 0.61171875 0.32421875 0.065625 0.053125
4 0.765625 0.2328125 0.0703125 0.1