2 0.684375 0.290625 0.2453125 0.2984375
2 0.78671875 0.13671875 0.2015625 0.2546875
2 0.5609375 0.140625 0.265625 0.23125
2 0.14765625 0.20546875 0.2140625 0.1671875
2 0.3453125 0.24921875 0.1859375 0.1921875
2 0.1765625 0.31328125 0.190625 0.1328125
2 0.36328125 0.6671875 0.3 0.2484375
2 0.1890625 0.84765625 0.2203125 0.290625
2 0.7546875 0.790625 0.203125 0.2421875
2 0.87109375 0.59453125 0.2578125 0.2296875
2 0.67265625 0.67578125 0.225 0.184375
2 0.24609375 0.415625 0.1734375 0.1578125
2 0.103125 0.44609375 0.2 0.20625