3 0.53125 0.5046875 0.03125 0.053125
3 0.44453125 0.59296875 0.059375 0.175
3 0.50390625 0.6125 0.0546875 0.1
3 0.56484375 0.70390625 0.0140625 0.0296875
3 0.5953125 0.6265625 0.0671875 0.0546875
3 0.64375 0.503125 0.05625 0.0875
3 0.5921875 0.34375 0.0546875 0.2171875
3 0.43203125 0.3625 0.0609375 0.1671875
3 0.3859375 0.26484375 0.071875 0.125
3 0.33515625 0.3875 0.0890625 0.1171875
3 0.5046875 0.240625 0.0625 0.103125
3 0.47421875 0.17578125 0.0828125 0.1171875
3 0.6015625 0.88671875 0.071875 0.1640625
3 0.3515625 0.7046875 0.0765625 0.1375
3 0.121875 0.534375 0.1234375 0.1984375
3 0.05546875 0.88984375 0.0890625 0.21875