3 0.46796875 0.5015625 0.034375 0.0546875
3 0.546875 0.596875 0.075 0.178125
3 0.4859375 0.61171875 0.0625 0.103125
3 0.4171875 0.69765625 0.0171875 0.03125
3 0.39453125 0.61796875 0.071875 0.0609375
3 0.35625 0.490625 0.0625 0.0921875
3 0.421875 0.3359375 0.0734375 0.2203125
3 0.5796875 0.36875 0.075 0.1703125
3 0.63359375 0.27578125 0.08125 0.1296875
3 0.67421875 0.40234375 0.0984375 0.1234375
3 0.51796875 0.240625 0.0703125 0.1078125
3 0.55390625 0.17890625 0.0921875 0.1234375
3 0.36484375 0.8765625 0.0859375 0.16875
3 0.6296875 0.71640625 0.0875 0.1421875
3 0.8734375 0.5671875 0.140625 0.20625
3 0.9078125 0.90703125 0.10625 0.1859375